201
325
474
335
987
79
321
777
770
44
329
832
25
707
914
475
923
332
118
893
194
970
952
223
600
820
104
314
385
663
820
709
477
514
946
195
201
928
251
279
388
631
174
510
11
661
11
144
106
47
196
841
111
667
578
694
898
315
411
376
23
516
927
267
803
292
984
141
972
547
896
127
662
904
227
790
325
63
570
353
887
721
243
945
560
918
837
819
743
494
108
908
796
199
384
562
456
131
156
860
719
644
777
841
440
893
853
438
380
129
924
295
383
137
540
63
540
610
563
786
161
109
635
720
260
999
969
263
643
103
345
586
86
505
58
98
21
423
406
344
642
467
99
252
614
928
533
26
479
645
678
62
419
556
324
910
711
501
636
165
430
161
633
4
377
871
61
668
77
412
955
636
965
156
845
515
238
187
848
712
440
309
218
762
539
501
995
634
930
10
649
950
243
593
949
617
222
896
602
567
831
468
142
238
550
654
654
319
96
842
485
594
417
134
511
292
798
611
298
275
129
779
453
825
835
811
44
0
229
602
499
865
130
848
238
802
751
293
222
780
3
201
772
91
573
282
782
729
766
390
841
864
475
456
33
864
437
237
885
674
612
459
382
939
19
618
860
946
772
471
76
178
942
429
400
539
202
256
876
197
435
731
495
69
272
952
958
835
368
195
686
482
166
920
632
955
651
290
509
771
526
1
240
793
858
565
988
968
880
942
501
568
38
644
504
472
466
654
706
47
319
634
340
197
486
138
707
88
354
585
615
229
821
271
618
653
104
342
151
434
638
433
787
367
11
853
677
627
89
435
142
697
660
556
129
207
494
912
30
106
122
398
55
909
260
78
863
377
164
145
575
515
307
686
91
829
52
527
347
42
493
670
46
507
516
977
167
354
425
210
55
159
327
730
64
874
947
774
33
782
765
970
942
442
268
410
431
761
66
39
686
222
511
905
902
303
979
246
206
368
889
222
406
132
106
780
907
64
656
785
598
197
128
647
481
422
370
213
662
292
430
876
828
950
549
578
633
53
505
728
169
942
393
292
254
303
324
974
916
562
512
15
532
163
919
557
384
142
871
408
146
948
841
814
180
371
346
303
798
401
102
558
203
869
981
774
230
334
166
372
958
65
412
126
760
743
437
956
657
103
62
255
594
583
607
671
536
2
719
692
678
840
474
295
90
602
177
391
864
629
661
572
704
864
562
678
735
142
68
30
287
152
635
753
200
886
784
366
949
675
937
488
205
422
64
244
811
447
548
317
639
762
581
931
266
875
700
104
233
713
822
918
915
247
926
72
974
971
21
742
952
622
324
414
124
667
261
790
277
776
893
407
406
71
222
226
258
147
453
906
837
912
964
284
802
750
446
483
348
374
433
673
2
258
101
859
72
845
956
448
789
811
497
386
780
719
599
782
683
43
755
221
383
402
973
150
548
933
791
219
975
997
957
957
807
247
178
102
317
519
719
611
222
334
11
126
291
292
732
853
68
371
505
361
796
160
944
176
706
596
233
17
104
621
349
537
394
372
171
618
811
818
385
779
83
567
257
170
32
165
982
627
750
27
92
298
43
773
364
163
355
285
556
136
103
752
686
19
3
456
666
285
837
887
687
890
64
802
142
695
731
751
529
993
432
301
250
957
807
521
380
570
339
997
397
164
63
317
434
290
967
507
825
399
759
255
26
607
676
175
664
645
85
162
822
730
238
228
420
63
192
519
450
430
711
566
224
50
833
735
924
634
476
37
700
415
26
268
110
769
740
399
325
35
457
885
307
141
347
723
204
563
950
832
380
233
552
678
625
782
670
993
101
239
638
131
705
854
5
270
962
561
522
860
273
428
812
48
78
411
460
317
390
485
617
803
677
777
520
221
729
113
873
582
453
959
535
954
459
222
581
326
853
555
731
866
485
214
803
398
799
761
830
783
333
253
114
669
158
68
367
968
147
217
751
560
8
257
673
474
3
341
554
228
834
906
756
194
705
867
764
870
379
671
442
983
27
832
304
568
193
11
851
630
706
614
645
31
590
238
700
825
605
569
975
310
271
386
495
192
222
520
849
404
888
989
279
38
175
525
747
823
10
445
156
778
951
712
547
945
285
277
218
369
401
715
116
782
738
529
143
353
282
66
752
588
612
428
899
258
651
519
524
64
699
779
650
190
446
319
836
175
949
491
519
93
511
21
681
248
393
463
656
879
292
119
988
977
610
513
376
896
985
486
994
871
466
989
266
599
272
203
762
449
601
349
158
199
880
258
961
920
162
591
166
673
735
7
185
492
